Таганрог	35000	40000	50
Ростов		23000	167000	58
Волгоград	23000	154000	41
Белгород	27000	152000	65
Брянск 		20000	146000	60
Владимир	22000	145000	60
Воронеж		26000	143000	57
Иваново		21000	139000	40
Калуга		27000	133000	45
Костром		22000	132000	49
Курск		22000	129000	50
Липецк		24000	129000	60
Москва		42000	124000	66
Орёл		16000	121000	63
Рязань		21000	110000	65
Смоленск	20000	109000	66
Тамбов		21000	108000	69
Тверь		20000	108000	59
Тула		25000	108000	77
Ярославль	26000	106000	57
Москва		66000	278000	47
Архангельск	36000	103000	69
Вологда		28000	102000	70
Калининград	28000	100000	62
Ленинград	28000	98000	66
Мурманск	43000	96000	64
Новгород	27000	95000	54
Псков		24000	94000	59
Санкт-Петербург	45000	91000	36
Краснодар	25000	89000	32
Астрахань	27000	87000	33
Волгоград	23000	86000	36
Ставрополь	22000	85000	36
Пермь		27000	84000	73
Киров		22000	84000	36
Нижний Новгород	26000	83000	60
Оренбург	26000	82000	56
Пенза		22000	81000	57
Самара		27000	81000	57
Саратов		23000	79000	85
Ульяновск	22000	78000	44
Курган		22000	78000	44
Свердловск	32000	77000	55
Тюмень		50000	76000	65
Челябинск	26000	75000	57
Алтай		20000	75000	58
Иркутск		32000	75000	42
Кемерово	17000	74000	35
Новосибирск	17000	74000	62
Омск		28000	73000	58
Томск		32000	72000	68
Саха		53000	72000	64
Камчатка	50000	71000	63
Приморск	33000	70000	46
Хабаровск	35000	70000	30
Амур		34000	70000	33
Магадан		55000	70000	35
Сахалин		51000	69000	34
Чукотка		56000	69000	37